train\img_2297.jpg 1 1869 1678 284 79
train\img_2745.jpg 1 1826 1493 146 42
train\img_1707.jpg 1 1804 1510 179 46
train\img_2665.jpg 1 1727 1733 338 91
train\img_1712.jpg 1 1957 1694 232 52
train\img_2892.jpg 1 1774 1512 284 73
train\img_1985.jpg 1 1692 1476 185 52
train\img_2755.jpg 1 1655 1588 530 135
train\img_2282.jpg 1 1793 1834 381 99
train\img_2484.jpg 1 1663 1835 543 129
train\img_1645.jpg 1 1970 1555 175 47
train\img_1861.jpg 1 1814 1552 294 82
train\img_1626.jpg 1 1720 1520 669 170
train\img_1628.jpg 1 1630 1775 1004 273
train\img_2453.jpg 1 1721 1471 218 52
train\img_1700.jpg 1 1803 1769 203 53
train\img_2574.jpg 1 1648 1563 204 58
train\img_2455.jpg 1 1801 1541 158 36
train\img_2476.jpg 1 1743 1687 300 76
train\img_1820.jpg 1 1907 1468 225 60
train\img_2799.jpg 1 1836 1513 172 48
train\img_1899.jpg 1 1796 1698 173 39
train\img_2520.jpg 1 1668 1630 472 106
train\img_2728.jpg 1 1684 1938 515 126
train\img_1864.jpg 1 1853 1631 203 52
train\img_2302.jpg 1 1691 1550 519 149
train\img_1856.jpg 1 1769 1685 288 70
train\img_2001.jpg 1 1488 1940 786 195
train\img_1621.jpg 1 1867 1674 363 83
train\img_2553.jpg 1 1743 1649 261 87
train\img_1853.jpg 1 1824 1517 125 34
train\img_2030.jpg 1 1855 1648 127 35
train\img_2894.jpg 1 1769 1634 224 53
train\img_2397.jpg 1 1791 1705 275 78
train\img_1684.jpg 1 1633 1346 278 74
train\img_1709.jpg 1 1819 1466 144 32
train\img_1874.jpg 1 1778 1402 165 37
train\img_2512.jpg 1 1679 2014 455 126
train\img_2423.jpg 1 1780 1527 208 54
train\img_2638.jpg 1 1709 1690 397 108
train\img_2436.jpg 1 1817 1638 194 54
train\img_2361.jpg 1 1862 1482 256 71
train\img_1606.jpg 1 1875 1409 239 56
train\img_2410.jpg 1 1559 1448 505 139
train\img_2330.jpg 1 1658 1322 130 35
train\img_1984.jpg 1 1836 1531 212 59
train\img_1983.jpg 1 1774 1505 245 80
train\img_2384.jpg 1 1787 1595 276 65
train\img_2369.jpg 1 1770 1387 237 69
train\img_2860.jpg 1 1802 1454 211 47
train\img_2901.jpg 1 1746 1486 516 131
train\img_2577.jpg 1 1710 1560 144 35
train\img_2686.jpg 1 1776 1639 185 43
train\img_2681.jpg 1 1703 1506 337 82
train\img_2342.jpg 1 1753 1661 343 85
train\img_2304.jpg 1 1694 1452 426 105
train\img_2301.jpg 1 1718 1564 408 111
train\img_1687.jpg 1 1712 1511 502 133
train\img_1829.jpg 1 1850 1462 213 59
train\img_1692.jpg 1 1886 1762 221 57
train\img_1838.jpg 1 1841 1586 191 52
train\img_2672.jpg 1 1886 1716 178 42
train\img_2861.jpg 1 1693 1529 245 54
train\img_2708.jpg 1 1668 1446 225 66
train\img_2915.jpg 1 1866 1505 204 49
train\img_2406.jpg 1 1755 1490 241 71
train\img_1605.jpg 1 1906 1564 288 64
train\img_2443.jpg 1 1772 1654 189 48
train\img_2885.jpg 1 1794 1582 191 48
train\img_2264.jpg 1 1605 1653 660 195
train\img_2270.jpg 1 1806 1529 224 60
train\img_1691.jpg 1 1813 1473 207 54
train\img_1948.jpg 1 1790 1426 225 62
train\img_2584.jpg 1 1717 1483 317 82
train\img_2420.jpg 1 1709 1647 345 90
train\img_2634.jpg 1 1826 1600 110 36
train\img_1958.jpg 1 1748 1530 192 50
train\img_2450.jpg 1 1609 1556 386 85
train\img_1927.jpg 1 1861 1636 140 35
train\img_2766.jpg 1 1767 1383 212 52
train\img_1893.jpg 1 1720 1513 199 52
train\img_2505.jpg 1 1825 1674 149 39
train\img_2272.jpg 1 1793 1594 182 51
train\img_1677.jpg 1 1829 1463 252 60
train\img_2674.jpg 1 1831 1642 148 38
train\img_1649.jpg 1 1875 1717 280 70
train\img_1976.jpg 1 1565 1612 624 178
train\img_1641.jpg 1 1827 1505 254 65
train\img_1676.jpg 1 1807 1383 451 126
train\img_2271.jpg 1 1815 1755 210 64
train\img_1681.jpg 1 1877 1531 163 45
train\img_1878.jpg 1 1858 1419 105 27
train\img_2027.jpg 1 1821 1549 161 43
train\img_2881.jpg 1 1730 1405 254 62
train\img_1658.jpg 1 1679 2313 682 201
train\img_2510.jpg 1 1818 1691 276 79
train\img_2408.jpg 1 1715 1482 335 94
train\img_2422.jpg 1 1750 1539 231 53
train\img_2007.jpg 1 1759 1468 141 36
train\img_1907.jpg 1 1844 1372 130 33
train\img_2763.jpg 1 1805 1503 180 47
train\img_2372.jpg 1 1724 1683 546 130
train\img_2002.jpg 1 1624 1615 425 111
train\img_1959.jpg 1 1759 1656 239 55
train\img_1674.jpg 1 1826 1305 328 88
train\img_2277.jpg 1 1837 1439 114 30
train\img_1666.jpg 1 1754 1605 480 128
train\img_2575.jpg 1 1691 1536 185 46
train\img_1832.jpg 1 1796 1726 455 125
train\img_1857.jpg 1 1740 1650 345 92
train\img_2682.jpg 1 1707 1568 428 96
train\img_1827.jpg 1 1869 1425 159 46
train\img_2548.jpg 1 1890 1661 212 70
train\img_2931.jpg 1 1895 1729 255 70
train\img_1650.jpg 1 1812 1635 248 61
train\img_2261.jpg 1 1922 1327 202 57
train\img_1945.jpg 1 1800 1595 326 82
train\img_2941.jpg 1 1776 1709 231 65
train\img_2774.jpg 1 1807 1589 206 60
train\img_2614.jpg 1 1864 1545 193 42
train\img_1966.jpg 1 1818 1452 143 42
train\img_2554.jpg 1 1773 1759 217 60
train\img_1929.jpg 1 1880 1643 225 58
train\img_1964.jpg 1 1707 1524 215 55
train\img_1980.jpg 1 1639 1755 516 141
train\img_1951.jpg 1 1832 1383 146 38
train\img_2463.jpg 1 1714 1529 426 96
train\img_2913.jpg 1 1824 1439 158 43
train\img_2014.jpg 1 1831 1653 246 64
train\img_2631.jpg 1 1775 1524 148 44
train\img_2025.jpg 1 1775 1545 200 52
train\img_2713.jpg 1 1763 1459 140 37
train\img_2470.jpg 1 1798 1697 300 79
train\img_2458.jpg 1 1780 1544 124 25
train\img_1715.jpg 1 1837 1483 248 69
train\img_2725.jpg 1 1786 1591 284 89
train\img_1992.jpg 1 1795 1500 156 38
train\img_2683.jpg 1 1800 1424 274 68
train\img_1903.jpg 1 1728 1808 357 81
train\img_2882.jpg 1 1758 1487 219 52
train\img_2310.jpg 1 1856 1467 160 46
train\img_1603.jpg 1 1772 1808 474 111
train\img_1831.jpg 1 1834 1524 336 88
train\img_2568.jpg 1 1633 1595 267 72
train\img_2468.jpg 1 1807 1688 217 44
train\img_2306.jpg 1 1757 1507 271 69
train\img_2300.jpg 1 1745 1529 334 91
train\img_2709.jpg 1 1697 1534 199 54
train\img_1968.jpg 1 1819 1499 121 36
train\img_2586.jpg 1 1759 1627 206 50
train\img_1656.jpg 1 1879 1636 377 113
train\img_1922.jpg 1 1730 1594 245 65
train\img_2876.jpg 1 1866 1588 120 28
train\img_2664.jpg 1 1813 1655 268 77
train\img_2899.jpg 1 1743 1412 326 74
train\img_2305.jpg 1 1773 1496 324 81
train\img_2669.jpg 1 1936 1652 251 65
train\img_1930.jpg 1 2028 1551 193 51
train\img_2437.jpg 1 1744 1683 180 45
train\img_2278.jpg 1 1841 1495 147 41
train\img_1845.jpg 1 1813 1530 194 44
train\img_2657.jpg 1 1854 1573 140 38
train\img_2452.jpg 1 1704 1574 253 64
train\img_2477.jpg 1 1776 1732 241 60
train\img_2255.jpg 1 1678 1509 604 168
train\img_2783.jpg 1 1879 1485 168 42
train\img_2320.jpg 1 1322 1898 541 130
train\img_2723.jpg 1 1767 1419 184 50
train\img_2519.jpg 1 1789 1509 353 85
train\img_1607.jpg 1 1930 1605 204 48
train\img_2333.jpg 1 1733 1491 99 27
train\img_2445.jpg 1 1782 1607 265 70
train\img_2404.jpg 1 1783 1389 179 50
train\img_1926.jpg 1 1948 1536 152 36
train\img_2883.jpg 1 1795 1407 203 49
train\img_2750.jpg 1 1839 1594 240 66
train\img_1601.jpg 1 1873 1651 284 65
train\img_2494.jpg 1 1826 1516 117 28
train\img_2629.jpg 1 1844 1457 180 63
train\img_2601.jpg 1 1803 1623 152 42
train\img_2504.jpg 1 1810 1634 160 41
train\img_2016.jpg 1 1903 1484 155 37
train\img_1647.jpg 1 1891 1655 345 86
train\img_2434.jpg 1 1769 1651 273 77
train\img_2579.jpg 1 1817 1717 119 27
train\img_2857.jpg 1 1539 1871 791 204
train\img_2547.jpg 1 1783 1350 190 47
train\img_2625.jpg 1 1684 1754 497 134
train\img_2426.jpg 1 1611 1597 427 113
train\img_1933.jpg 1 1742 1576 263 56
train\img_1886.jpg 1 1740 1556 254 50
train\img_2502.jpg 1 1792 1693 199 50
train\img_1711.jpg 1 1915 1527 187 42
train\img_1924.jpg 1 1845 1480 182 45
train\img_2383.jpg 1 1838 1599 229 66
train\img_1640.jpg 1 1741 1425 421 111
train\img_2012.jpg 1 1824 1525 252 59
train\img_2858.jpg 1 1444 2017 969 221
train\img_2256.jpg 1 1724 1322 389 107
train\img_1835.jpg 1 1775 1595 292 77
train\img_2321.jpg 1 1120 1959 724 203
train\img_1608.jpg 1 1959 1472 175 44
train\img_1615.jpg 1 1772 1708 532 118
train\img_2010.jpg 1 1751 1607 427 117
train\img_1862.jpg 1 1801 1528 258 63
train\img_2793.jpg 1 1806 1495 159 43
train\img_2932.jpg 1 1866 1696 231 73
train\img_2940.jpg 1 1847 1604 259 71
train\img_2268.jpg 1 1814 1619 300 82
train\img_2872.jpg 1 1840 1541 156 31
train\img_2874.jpg 1 1844 1523 137 29
train\img_1613.jpg 1 1900 1492 195 45
train\img_2588.jpg 1 1807 1306 158 46
train\img_2691.jpg 1 1849 1512 125 25
train\img_2430.jpg 1 1661 1883 427 124
train\img_2561.jpg 1 1827 1480 141 40
train\img_2621.jpg 1 1783 1696 426 94
train\img_2474.jpg 1 1550 2220 780 183
train\img_1963.jpg 1 1732 1510 254 68
train\img_1910.jpg 1 1889 1392 178 47
train\img_2432.jpg 1 1578 2377 706 176
train\img_1818.jpg 1 1798 1608 323 90
train\img_2615.jpg 1 1788 1498 173 37
train\img_2656.jpg 1 1884 1512 147 43
train\img_1665.jpg 1 1628 1652 381 102
train\img_2918.jpg 1 1739 1478 374 85
train\img_2460.jpg 1 1713 1529 207 44
train\img_2707.jpg 1 1750 1480 249 65
train\img_2440.jpg 1 1800 1565 132 38
train\img_2930.jpg 1 1773 1789 286 81
train\img_2636.jpg 1 1819 1579 104 30
train\img_2535.jpg 1 1777 1569 268 63
train\img_1921.jpg 1 1632 1896 466 125
train\img_2620.jpg 1 1847 1526 324 74
train\img_1618.jpg 1 1725 1695 448 108
train\img_2254.jpg 1 1715 1515 462 134
train\img_2896.jpg 1 1875 1444 178 46
train\img_2405.jpg 1 1888 1366 203 52
train\img_2583.jpg 1 1705 1583 147 36
train\img_2350.jpg 1 1781 1514 294 74
train\img_2427.jpg 1 1567 1728 576 142
train\img_2345.jpg 1 1803 1489 343 83
train\img_2536.jpg 1 1709 1633 336 74
train\img_2331.jpg 1 1776 1533 115 33
train\img_2645.jpg 1 1860 1526 150 40
train\img_1662.jpg 1 1814 1436 283 88
train\img_2737.jpg 1 1864 1706 128 34
train\img_2751.jpg 1 1871 1550 272 75
train\img_2490.jpg 1 1786 1569 163 41
train\img_2705.jpg 1 1731 1419 341 92
train\img_2642.jpg 1 1701 1314 187 53
train\img_1916.jpg 1 1747 1554 195 52
train\img_2336.jpg 1 1800 1437 174 49
train\img_1631.jpg 1 1743 1404 559 160
train\img_2944.jpg 1 1755 1626 172 46
train\img_2747.jpg 1 1845 1705 186 48
train\img_1979.jpg 1 1826 1671 256 72
train\img_1643.jpg 1 1963 1411 211 54
train\img_1675.jpg 1 1782 1411 365 85
train\img_1619.jpg 1 1735 1646 363 77
train\img_1612.jpg 1 1890 1599 160 37
train\img_2289.jpg 1 1833 1566 119 33
train\img_2539.jpg 1 1725 1550 247 57
train\img_2624.jpg 1 1735 1790 402 134
train\img_2903.jpg 1 1705 1569 301 75
train\img_1680.jpg 1 1851 1443 180 48
train\img_2398.jpg 1 1787 1651 233 56
train\img_2688.jpg 1 1816 1539 157 35
train\img_2296.jpg 1 1802 1620 335 95
train\img_2764.jpg 1 1745 1569 167 44
train\img_2648.jpg 1 1777 1517 266 74
train\img_2309.jpg 1 1741 1405 179 49
train\img_2285.jpg 1 1744 1667 209 57
train\img_1967.jpg 1 1817 1523 134 37
train\img_2269.jpg 1 1820 1551 245 64
train\img_2291.jpg 1 1802 1640 204 57
train\img_2003.jpg 1 1643 1596 318 76
train\img_2912.jpg 1 1870 1415 129 31
train\img_2660.jpg 1 1854 1649 146 39
train\img_1847.jpg 1 1826 1380 140 37
train\img_2796.jpg 1 1805 1634 131 33
train\img_2581.jpg 1 1763 1577 102 23
train\img_2704.jpg 1 1673 1485 417 106
train\img_1996.jpg 1 1697 1680 293 76
train\img_2939.jpg 1 1807 1722 298 75
train\img_2454.jpg 1 1816 1555 177 48
train\img_2779.jpg 1 1769 1579 137 38
train\img_2650.jpg 1 1647 1695 352 103
train\img_2934.jpg 1 1900 1794 244 81
train\img_2905.jpg 1 1800 1510 217 57
train\img_2788.jpg 1 1725 1447 307 83
train\img_2385.jpg 1 1886 1635 337 88
train\img_1909.jpg 1 1819 1399 156 39
train\img_2945.jpg 1 1809 1686 160 43
train\img_2495.jpg 1 1817 1591 143 31
train\img_2694.jpg 1 1880 1389 128 28
train\img_2658.jpg 1 1877 1603 125 37
train\img_2287.jpg 1 1804 1617 166 45
train\img_1834.jpg 1 1718 1631 445 122
train\img_1970.jpg 1 1733 1483 207 58
train\img_2376.jpg 1 1890 1667 314 92
train\img_2760.jpg 1 1845 1443 246 68
train\img_2359.jpg 1 1732 1673 464 117
train\img_2378.jpg 1 1815 1520 223 52
train\img_1850.jpg 1 1759 1472 215 58
train\img_2730.jpg 1 1829 1768 274 76
train\img_1848.jpg 1 1889 1415 156 43
train\img_1902.jpg 1 1734 1710 275 67
train\img_2451.jpg 1 1654 1634 305 70
train\img_2908.jpg 1 1875 1385 171 43
train\img_2469.jpg 1 1824 1639 249 64
train\img_2316.jpg 1 1765 1497 310 81
train\img_2651.jpg 1 1789 1652 290 88
train\img_1863.jpg 1 1736 1519 231 57
train\img_2895.jpg 1 1850 1464 198 45
train\img_1977.jpg 1 1686 1847 394 100
train\img_2021.jpg 1 1730 1569 419 109
train\img_2712.jpg 1 1787 1624 157 40
train\img_1882.jpg 1 1820 1392 140 32
train\img_2659.jpg 1 1918 1526 115 33
train\img_2005.jpg 1 1680 1481 236 60
train\img_2643.jpg 1 1845 1457 170 43
train\img_2666.jpg 1 1710 1778 425 108
train\img_2916.jpg 1 1850 1553 241 48
train\img_2787.jpg 1 1723 1569 380 88
train\img_1620.jpg 1 1652 1564 288 67
train\img_2604.jpg 1 1812 1582 198 50
train\img_2741.jpg 1 1785 1620 133 35
train\img_2374.jpg 1 1592 1980 687 174
train\img_2770.jpg 1 1798 1817 439 115
train\img_2627.jpg 1 1795 1631 249 74
train\img_1673.jpg 1 1559 1288 285 77
train\img_1887.jpg 1 1836 1610 309 60
train\img_2927.jpg 1 1784 1352 197 51
train\img_2294.jpg 1 1730 1927 429 111
train\img_1912.jpg 1 1758 1495 254 72
train\img_2507.jpg 1 1905 1512 157 39
train\img_1627.jpg 1 1470 1762 912 229
train\img_2418.jpg 1 1704 1378 220 61
train\img_1965.jpg 1 1808 1427 159 45
train\img_1973.jpg 1 1617 1668 363 93
train\img_2462.jpg 1 1752 1509 306 72
train\img_2449.jpg 1 1576 1736 721 214
train\img_2503.jpg 1 1829 1627 175 49
train\img_2739.jpg 1 1797 1631 113 28
train\img_2275.jpg 1 1839 1598 135 37
train\img_2732.jpg 1 1809 1644 205 53
train\img_2673.jpg 1 1839 1563 160 43
train\img_2716.jpg 1 1655 1847 52 208
train\img_2480.jpg 1 1795 1505 221 50
train\img_2780.jpg 1 1818 1641 126 31
train\img_1653.jpg 1 1852 1615 185 46
train\img_2528.jpg 1 1762 1589 166 44
train\img_1937.jpg 1 1861 1463 141 37
train\img_2671.jpg 1 1867 1604 196 50
train\img_2867.jpg 1 1835 1422 251 66
train\img_2743.jpg 1 1814 1665 168 44
train\img_2429.jpg 1 1779 1715 330 85
train\img_1883.jpg 1 1803 1506 162 32
train\img_1932.jpg 1 1875 1721 319 84
train\img_1854.jpg 1 1734 1541 233 55
train\img_2891.jpg 1 1735 1438 333 79
train\img_2630.jpg 1 1913 1396 159 48
train\img_2869.jpg 1 1788 1636 197 48
train\img_1991.jpg 1 1750 1388 141 38
train\img_2690.jpg 1 1848 1467 133 32
train\img_2897.jpg 1 1840 1509 228 52
train\img_2862.jpg 1 1661 1570 286 65
train\img_2327.jpg 1 1723 1530 163 39
train\img_2570.jpg 1 1559 1678 438 118
train\img_2008.jpg 1 1817 1516 169 38
train\img_1616.jpg 1 1591 1692 701 168
train\img_1688.jpg 1 1768 1447 334 89
train\img_2492.jpg 1 1823 1551 138 31
train\img_2485.jpg 1 1781 1573 316 76
train\img_1824.jpg 1 1857 1470 144 41
train\img_2920.jpg 1 1663 1577 421 100
train\img_2487.jpg 1 1809 1521 198 42
train\img_2514.jpg 1 1722 1643 436 91
train\img_1685.jpg 1 1738 1398 330 96
train\img_2667.jpg 1 1768 1710 364 95
train\img_1841.jpg 1 1563 1844 821 219
train\img_1994.jpg 1 1693 1511 205 54
train\img_2527.jpg 1 1807 1544 181 44
train\img_2344.jpg 1 1860 1575 242 61
train\img_2623.jpg 1 1776 1600 322 92
train\img_2593.jpg 1 1701 1461 338 91
train\img_2026.jpg 1 1788 1612 181 49
train\img_2578.jpg 1 1737 1569 132 33
train\img_2347.jpg 1 1631 1893 573 155
train\img_2684.jpg 1 1833 1484 230 56
train\img_2870.jpg 1 1833 1470 177 40
train\img_2904.jpg 1 1798 1505 244 52
train\img_1672.jpg 1 1823 1421 218 64
train\img_2786.jpg 1 1821 1828 268 72
train\img_2797.jpg 1 1901 1491 138 41
train\img_2767.jpg 1 1753 1553 253 64
train\img_2459.jpg 1 1772 1613 159 40
train\img_2562.jpg 1 1867 1556 156 43
train\img_1881.jpg 1 1816 1524 128 28
train\img_2550.jpg 1 1734 1885 330 99
train\img_2706.jpg 1 1750 1371 291 77
train\img_1938.jpg 1 1853 1550 128 30
train\img_2442.jpg 1 1732 1582 159 42
train\img_2613.jpg 1 1884 1607 216 47
train\img_2322.jpg 1 1488 1625 386 103
train\img_1637.jpg 1 1757 1446 513 134
train\img_2280.jpg 1 1715 1528 227 62
train\img_2390.jpg 1 1532 1661 754 178
train\img_2654.jpg 1 1815 1588 177 53
train\img_1686.jpg 1 1777 1567 400 113
train\img_2890.jpg 1 1676 1377 390 99
train\img_2902.jpg 1 1628 1447 685 173
train\img_2791.jpg 1 1861 1547 198 60
train\img_2319.jpg 1 1511 1776 395 103
train\img_2260.jpg 1 1828 1398 185 52
train\img_2937.jpg 1 1687 1940 449 119
train\img_1885.jpg 1 1748 1485 209 47
train\img_1837.jpg 1 1856 1457 215 59
train\img_1696.jpg 1 1668 2125 508 129
train\img_2352.jpg 1 1840 1570 326 97
train\img_2789.jpg 1 1766 1494 266 66
train\img_1623.jpg 1 1829 1560 184 44
train\img_2308.jpg 1 1826 1341 210 54
train\img_1860.jpg 1 1730 1568 385 98
train\img_2639.jpg 1 1713 1530 300 88
train\img_1635.jpg 1 1805 1388 373 91
train\img_2765.jpg 1 1788 1545 158 44
train\img_2373.jpg 1 1703 1761 484 111
train\img_2563.jpg 1 1835 1647 181 50
train\img_2735.jpg 1 1830 1532 154 41
train\img_1925.jpg 1 1834 1561 166 40
train\img_2597.jpg 1 1734 1567 247 55
train\img_2795.jpg 1 1880 1517 137 36
train\img_2608.jpg 1 1691 1594 469 124
train\img_2646.jpg 1 1789 1458 189 49
train\img_1918.jpg 1 1717 1677 269 75
train\img_1713.jpg 1 1861 1366 274 79
train\img_1971.jpg 1 1700 1545 242 64
train\img_2635.jpg 1 1844 1558 109 32
train\img_2341.jpg 1 1832 1408 114 30
train\img_1600.jpg 1 1737 2499 709 187
train\img_1896.jpg 1 1819 1651 149 41
train\img_2544.jpg 1 1808 1685 137 30
train\img_2742.jpg 1 1779 1690 149 41
train\img_1822.jpg 1 1906 1611 175 45
train\img_1708.jpg 1 1795 1587 163 37
train\img_2511.jpg 1 1798 1902 345 88
train\img_2866.jpg 1 1844 1483 294 63
train\img_2516.jpg 1 1769 1484 337 67
train\img_2794.jpg 1 1834 1540 147 39
train\img_2332.jpg 1 1782 1573 108 30
train\img_1901.jpg 1 1729 1636 237 56
train\img_2018.jpg 1 1870 1542 127 32
train\img_2290.jpg 1 1781 1644 174 47
train\img_2590.jpg 1 1771 1525 186 50
train\img_2600.jpg 1 1846 1652 168 45
train\img_2266.jpg 1 1806 1554 316 80
train\img_2721.jpg 1 1883 1382 225 59
train\img_2928.jpg 1 1716 1577 189 44
train\img_2748.jpg 1 1783 1578 209 53
train\img_1939.jpg 1 1809 1598 119 24
train\img_2409.jpg 1 1658 1549 392 102
train\img_1667.jpg 1 1727 1766 572 166
train\img_2775.jpg 1 1768 1580 183 40
train\img_2549.jpg 1 1783 1709 269 78
train\img_1634.jpg 1 1748 1484 461 118
train\img_1690.jpg 1 1793 1475 240 70
train\img_1950.jpg 1 1797 1480 157 46
train\img_1714.jpg 1 1975 1913 367 91
train\img_1596.jpg 1 1877 1575 211 56
train\img_2911.jpg 1 1867 1479 140 33
train\img_2295.jpg 1 1789 1880 536 150
train\img_2879.jpg 1 1810 1726 361 90
train\img_1890.jpg 1 1668 1710 714 139
train\img_2411.jpg 1 1662 1588 659 153
train\img_1865.jpg 1 1763 1592 256 66
train\img_2313.jpg 1 1829 1290 172 49
train\img_2538.jpg 1 1675 1562 292 62
train\img_2533.jpg 1 1753 1516 277 70
train\img_2792.jpg 1 1829 1521 174 50
train\img_2863.jpg 1 1695 1549 328 71
